shape_id,shape_pt_lat,shape_pt_lon,shape_pt_sequence,shape_dist_traveled
RED,39.3151177,-76.7648777,1,0.0
RED,39.3148482,-76.7641857,2,0.041482197788335395
RED,39.3145039,-76.7627749,3,0.12072726966785818
RED,39.3130764,-76.7556404,4,0.5155338593064994
RED,39.3129169,-76.7547997,5,0.5619104955270741
RED,39.3127906,-76.7538732,6,0.6123196759622126
RED,39.3127177,-76.7530206,7,0.6582859181628654
RED,39.3127154,-76.7520071,8,0.7125990171470551
RED,39.3127281,-76.7501438,9,0.8124560012252616
RED,39.3125898,-76.7484371,10,0.9044133916945201
RED,39.3125405,-76.7479113,11,0.9327952703761081
RED,39.3124993,-76.747627,12,0.9482936234446772
RED,39.3124,-76.747332,13,0.9655229172695906
RED,39.3122204,-76.7469314,14,0.9903096877915549
RED,39.3119536,-76.7466381,15,1.0145131861482457
RED,39.3115069,-76.7462479,16,1.0517540308684872
RED,39.3111559,-76.7460071,17,1.0791919983555058
RED,39.3108832,-76.7456577,18,1.105734697021784
RED,39.3102115,-76.743657,19,1.2225389005097032
RED,39.3099633,-76.7432936,20,1.2484705435639674
RED,39.3096653,-76.7430052,21,1.274190198839262
RED,39.3087788,-76.7423211,22,1.3454933495514196
RED,39.3081967,-76.7417384,23,1.3963633334188241
RED,39.3075467,-76.7405613,24,1.4737605101351579
RED,39.3070581,-76.7392003,25,1.5541127107494201
RED,39.3067584,-76.7377593,26,1.6340610012398036
RED,39.3066081,-76.736211,27,1.7176858876044945
RED,39.306517,-76.7347438,28,1.7965698973676378
RED,39.3063426,-76.7334725,29,1.8657582718928956
RED,39.30586,-76.73115,30,1.9946067924420194
RED,39.3052288,-76.7285551,31,2.140337519523941
RED,39.3042404,-76.7223232,32,2.4812281411708863
RED,39.3032879,-76.7190209,33,2.6700227033831814
RED,39.3022917,-76.7160378,34,2.844051870842269
RED,39.3017937,-76.7152011,35,2.9005437116874253
RED,39.3008969,-76.7141068,36,2.985793444932879
RED,39.3003826,-76.7133024,37,3.0416293893965176
RED,39.2994,-76.71171,38,3.150623263786041
RED,39.29844,-76.70991,39,3.26764567284462
RED,39.29585,-76.70647,40,3.52440001883472
RED,39.2931287,-76.7026907,41,3.800592572507336
RED,39.2928828,-76.7022253,42,3.8307610654635353
RED,39.2926866,-76.7016715,43,3.8633872267912417
RED,39.2926088,-76.7011762,44,3.890474675218186
RED,39.2925974,-76.7006246,45,3.920053511688602
RED,39.29316,-76.697,46,4.1181869419213815
RED,39.2932608,-76.6962001,47,4.1616252083453125
RED,39.2933117,-76.6954003,48,4.204641423363425
RED,39.29438,-76.6656,49,5.803749913469533
RED,39.294451,-76.6635494,50,5.91377805088908
RED,39.2944141,-76.6633549,51,5.924510164692416
RED,39.2943237,-76.6631913,52,5.935270997374538
RED,39.2932872,-76.6624674,53,6.016624879266431
RED,39.2932115,-76.6623678,54,6.024093211842546
RED,39.2931857,-76.6622039,55,6.033057421823594
RED,39.29339,-76.65687,56,6.3193241573533365
RED,39.29344,-76.65465,57,6.438375305515592
RED,39.29325,-76.65337,58,6.50822937803245
RED,39.29317,-76.65174,59,6.595778483633913
RED,39.29342,-76.64553,60,6.929107161704254
RED,39.29354,-76.63985,61,7.233690859274168
RED,39.2938023,-76.6325182,62,7.627120526581489
RED,39.2938006,-76.6321031,63,7.64937178793088
RED,39.2937015,-76.63166,64,7.674087948962597
RED,39.2934426,-76.6313591,65,7.6981534683795205
RED,39.2884263,-76.6286205,66,8.074056410394787
RED,39.2881387,-76.6284657,67,8.095562161118965
RED,39.2878677,-76.6282197,68,8.11844046190385
RED,39.2876799,-76.6279332,69,8.138533652907103
RED,39.2875169,-76.62755,70,8.161952611180219
RED,39.2874018,-76.6270381,71,8.190520520723998
RED,39.2873198,-76.6264082,72,8.224759200354477
RED,39.2878311,-76.6113598,73,9.032253328523565
RED,39.287784,-76.6093519,74,9.139942675640192
RED,39.28791,-76.606487,75,9.293771084728801
RED,39.2878877,-76.6059085,76,9.324821639328018
RED,39.2878156,-76.6053407,77,9.355664169173712
RED,39.2876217,-76.6047766,78,9.388730980206738
RED,39.2872409,-76.6042394,79,9.427711096269826
RED,39.2869014,-76.6039751,80,9.455083992486445
RED,39.28509,-76.60288,81,9.593147729081718
RED,39.2848646,-76.6026986,82,9.611487696881786
RED,39.284664,-76.6024636,83,9.63020199378979
RED,39.2844612,-76.6021252,84,9.653111707405369
RED,39.2843247,-76.6017601,85,9.67483237197025
RED,39.2842553,-76.6014208,86,9.69364209705498
RED,39.2842108,-76.6009904,87,9.71691964103298
RED,39.28429,-76.5991,88,9.818413264605717
RED,39.2847914,-76.587719,89,10.429538522734921
RED,39.2847445,-76.5873244,90,10.450939294970292
RED,39.2846515,-76.5869685,91,10.471069111298318
RED,39.28122,-76.58142,92,10.851232414116867
RED,39.27859,-76.57692,93,11.153103167643497
RED,39.27712,-76.57009,94,11.533082142285119
RED,39.27706,-76.56945,95,11.567645483815719
RED,39.27716,-76.5669,96,11.704541640573362
RED,39.2771794,-76.565389,97,11.785567248675891
RED,39.2772599,-76.5632208,98,11.901951059410628
RED,39.2773423,-76.5628148,99,11.924449269203146
RED,39.2774724,-76.5625187,100,11.942686343669369
RED,39.2776003,-76.5623422,101,11.955624743506835
RED,39.2777385,-76.5622248,102,11.96704899057874
RED,39.2779357,-76.5620816,103,11.98266993672358
RED,39.2780426,-76.5620221,104,11.990704886529482
RED,39.2781827,-76.5619841,105,12.000582116034321
RED,39.281284,-76.5621887,106,12.21480677354801
RED,39.2816985,-76.5620495,107,12.244358975393968
RED,39.28327,-76.56129,108,12.36016390516483
RED,39.28425,-76.56123,109,12.427845873612693
RED,39.28987,-76.56163,110,12.816135433239472
RED,39.2899974,-76.5615862,111,12.825232391021457
RED,39.290133,-76.5615103,112,12.835433348841939
RED,39.2902656,-76.5613626,113,12.847531515016536
RED,39.2903483,-76.561172,114,12.859233788233132
RED,39.2904136,-76.5610049,115,12.869260349044046
RED,39.290454,-76.5607949,116,12.8808575559303
RED,39.2904383,-76.553413,117,13.276576079867203
RED,39.2905306,-76.5500919,118,13.454722006871034
RED,39.2905597,-76.5499365,119,13.463290896590243
RED,39.2906138,-76.5498134,120,13.470872091955037
RED,39.2907053,-76.549726,121,13.478733022105192
RED,39.2908176,-76.5496815,122,13.486839020498547
RED,39.2911942,-76.5497624,123,13.513178345257153
RED,39.2915485,-76.5499354,124,13.539320060094422
RED,39.2917815,-76.5501093,125,13.557901211667804
RED,39.2930598,-76.5515967,126,13.676785937034317
RED,39.293382,-76.5518196,127,13.702020962403173
RED,39.2937125,-76.551903,128,13.725254769763888
RED,39.2940342,-76.5519073,129,13.747448540996624
RED,39.29441,-76.5517481,130,13.774741631306116
RED,39.2963226,-76.5503778,131,13.92575046923292
RED,39.2964798,-76.5501052,132,13.943946888914544
RED,39.2965539,-76.5498113,133,13.960509052321179
RED,39.2965749,-76.5481592,134,14.04907631789788
RED,39.2965128,-76.5478483,135,14.066282931228052
RED,39.2962077,-76.5471612,136,14.108702648479667
